,X
0,-0.5143737036676234
1,-0.5402677128716568
2,1.928294497912868
3,-0.5143737036676234
4,-0.5575303856743458
5,-0.4453230124568674
6,-0.5575303856743458
7,-0.37627232124611143
8,-0.3158529664367
9,-0.22953960242325508
10,2.1268152351437912
11,-0.039650201593676264
12,1.4622023322402653
13,-0.4366916760555229
14,-0.5230050400689679
15,-0.298590293634011
16,-0.24680227522594408
17,0.012137816814390691
18,-0.23817093882459958
19,-0.6265810768851017
20,-0.47121702166090085
21,-0.15185757481115467
22,0.17613320843993605
23,-0.25543361162728856
24,0.27107790885472544
25,-0.5230050400689679
26,-0.2122769296205661
27,-0.11733222920577668
28,-0.2209082660219106
29,2.825953483652695
30,-0.022387528790987276
31,1.1514742217918637
32,-0.5230050400689679
33,-0.5402677128716568
34,-0.23817093882459958
35,-0.5143737036676234
36,-0.3417469756407335
37,-0.23817093882459958
38,-0.23817093882459958
39,-0.24680227522594408
40,0.9011654661528734
41,0.9443221481595958
42,-0.13459490200846566
43,-0.5661617220756903
44,0.5127553280923712
45,0.09845118082783562
46,-0.14322623840981016
47,-0.5230050400689679
48,-0.48847969446358985
49,-0.41079766685148944
50,0.9184281389555624
51,6.243962698585114
52,-0.5834243948783793
53,-0.4453230124568674
54,-0.23817093882459958
55,3.8530825154126895
56,-0.4453230124568674
57,0.14160786283455806
58,0.7458014109286725
59,-0.5920557312797238
60,-0.6093184040824128
61,1.0133728393703518
62,-0.5834243948783793
63,0.055294498821113154
64,-0.6352124132864462
65,0.18476454484128055
66,-0.3590096484434225
67,-0.04828153799502075
68,-0.27269628442997756
69,-0.4280603396541784
70,-0.4366916760555229
71,-0.4194290032528339
72,-0.06554421079770974
73,-0.350378312042078
74,-0.2899589572326665
75,-0.4194290032528339
76,0.5818060193031271
77,-0.26406494802863306
78,-0.6438437496877907
79,-0.14322623840981016
80,-0.24680227522594408
81,-0.6438437496877907
82,2.1699719171505136
83,-0.4194290032528339
84,-0.17775158401518815
85,-0.40216633045014494
86,-0.47984835806224535
87,-0.5143737036676234
88,-0.4366916760555229
89,-0.3417469756407335
90,-0.4194290032528339
91,-0.5920557312797238
92,-0.6265810768851017
93,-0.48847969446358985
94,-0.4194290032528339
95,-0.25543361162728856
