,y
0,-0.03186384707823402
1,2.3809549891032886
2,-0.7908601108751603
3,-0.5458153679080753
4,-0.5962927494181489
5,1.2007020323404745
6,1.061200905258089
7,-0.06490358770300952
8,-0.4191630288464358
9,-0.3861232882216603
10,-0.8147221457708315
11,0.6573818531774995
12,-0.6430990486365809
13,0.30495795317989405
14,1.689873747701734
15,0.34809317010668434
16,-0.6128126197305367
17,-0.6421812780636704
18,-0.7789290934273246
19,-0.14107854525457528
20,-0.2401977671289018
21,-0.6798098715529981
22,-0.6449345897824018
23,-0.6421812780636704
24,-0.9019103501973224
25,2.201071956812844
26,0.09019963911885327
27,-0.6926586595737442
28,-0.3796988942112873
29,-0.8615284449892634
30,-0.8018733577500854
31,-0.8844727093120242
32,0.12599269146236008
33,2.518620575039853
34,-0.8762127741558303
35,-0.7064252181674007
36,-0.14383185697330658
37,-0.6256614077512828
38,-0.37602781191964557
39,-0.1631050390044256
40,-0.7633269936878473
41,-0.8835549387391137
42,-0.8936504150411285
43,3.0445031133175298
44,-0.7256984001985197
45,-0.7523137468129222
46,-0.8973214973327702
47,0.9850259477065233
48,0.6537107708858577
49,-0.39621876452367505
50,-0.11446319864017279
51,-0.9569765845719482
52,3.2840412328471524
53,0.4609789505746673
54,2.473649816967242
55,-0.9046636619160536
56,-0.39162991165912286
57,-0.6577833778031478
58,-0.794531193166802
59,-0.330139283274124
60,1.7531999172325539
61,-0.8413374923852339
62,2.1450879518653077
63,-0.389794370513302
64,-0.5669240910850152
65,-0.549486450199717
66,0.12874600318109136
67,-0.0373704705156966
68,-0.43751844030464443
69,0.7711854042183929
70,0.583960207344665
71,1.5090729448383793
72,-0.42099856999225665
73,-0.46780486921068865
74,-0.7174384650423258
75,-0.7229450884797883
76,-0.860610674416353
77,-0.7752580111356829
78,1.0832273990079393
79,-0.44118952259628613
80,0.438952456824817
81,0.7060236935417523
82,-0.6146481608763575
83,-0.10161441061942676
84,0.5233873495325766
85,-0.813804375197921
86,-0.11905205150472493
87,-0.1631050390044256
88,-0.7816824051460559
89,1.42555582270353
90,-0.5210355624394936
91,2.172621069052621
92,-0.37052118848218296
93,-0.6109770785847158
94,-0.18513153275427596
95,0.33891546437758
